22379189.16855359
22372141.55966112
22360662.43762484
22359049.82886927
22358883.48517521
22358668.53315388
22358667.84059871
22358652.28997985
22358596.55052428
22358415.86023803
22358291.2993057
22357286.7469121
22357208.68061112
22356507.70890112
22294845.08916417
22294290.58394288
22293591.60022521
22292990.81324235
22292960.03408329
22292284.91376077
20322292.0447731
20321862.59169294
20320400.03111148
20319927.55334738
18518997.37994775
18080226.17018646
16971517.56021219
16936374.95323325
16641720.61762177
16427172.74673882
16314103.0460304
16014151.87072915
15743466.79258347
15473197.17805201
10325085.1162103
9571109.87176923
7676561.76203478
6910867.01255622
6645065.66175564
5166665.35751322
5164607.60382958
5160480.95780714
5158411.07584161
5154713.22973726
4963430.90373801
3927762.00803842
3927759.69454721
3927698.77025493
3720645.11668513
2962797.73866073
2290585.96415958
1940129.76972894
1696827.98814285
1669358.2205826
1639354.87827202
1616078.34843777
1593618.61046066
1407353.90489744
1178300.03794178
1178297.29510509
1097907.53114604
1034552.20441428
1032507.72285168
1032506.2092584
1032504.53946835
1032492.74180836
1032490.42362236
1032489.8280496
1032488.52502225
1032488.33909895
1032454.75156102
1032442.70721081
1030134.39940882
1028918.89175425
1027746.967091
1027725.61727194
1027688.18437811
1026918.05733645
1026791.96470571
1026644.64396886
1026636.85387179
1026587.07040342
1026577.21767138
1026576.61245734
1026576.28101969
1026572.85325522
1026572.74210008
1026571.12206033
1026565.56459447
1026564.82552748
1026563.27115546
1026548.48858293
1026545.17553252
1026541.35982114
1026540.07704685
1026529.6148634
1026526.99795309
1026524.74577184
1026522.64236259
1026513.53511579
1026480.21439773
1026427.99050703
1014258.81357595
1010393.26300271
