1.0349e+17
1.0256e+17
9.5037e+16
9.4013e+16
9.1367e+16
8.2303e+16
7.7372e+16
7.4411e+16
7.4343e+16
7.3183e+16
7.2981e+16
7.2058e+16
7.2035e+16
7.0605e+16
7.0549e+16
7.0324e+16
6.7149e+16
6.2116e+16
6.1384e+16
6.1103e+16
6.0506e+16
5.9324e+16
5.8986e+16
5.8130e+16
5.7229e+16
5.5406e+16
5.3750e+16
5.3492e+16
5.2388e+16
5.2242e+16
5.2107e+16
5.1668e+16
5.1082e+16
5.1048e+16
4.8954e+16
4.8932e+16
4.8324e+16
4.7513e+16
4.7479e+16
4.7006e+16
4.6151e+16
4.5914e+16
4.5588e+16
4.5531e+16
4.5340e+16
4.5261e+16
4.5239e+16
4.4428e+16
4.4169e+16
4.3629e+16
1.0349e+17
1.0256e+17
9.5037e+16
9.4013e+16
9.1367e+16
8.2303e+16
7.7372e+16
7.4411e+16
7.4343e+16
7.3183e+16
7.2981e+16
7.2058e+16
7.2035e+16
7.0605e+16
7.0549e+16
7.0324e+16
6.7149e+16
6.2116e+16
6.1384e+16
6.1103e+16
6.0506e+16
5.9324e+16
5.8986e+16
5.8130e+16
5.7229e+16
5.5406e+16
5.3750e+16
5.3492e+16
5.2388e+16
5.2242e+16
5.2107e+16
5.1668e+16
5.1082e+16
5.1048e+16
4.8954e+16
4.8932e+16
4.8324e+16
4.7513e+16
4.7479e+16
4.7006e+16
4.6151e+16
4.5914e+16
4.5588e+16
4.5531e+16
4.5340e+16
4.5261e+16
4.5239e+16
4.4428e+16
4.4169e+16
4.3629e+16
4.3516e+16
4.2897e+16
4.2244e+16
4.1985e+16
4.1838e+16
4.1715e+16
4.0893e+16
4.0881e+16
4.0814e+16
4.0634e+16
4.0499e+16
4.0251e+16
3.9553e+16
3.9418e+16
3.8979e+16
3.8573e+16
3.8348e+16
3.7988e+16
3.7909e+16
3.7661e+16
3.7650e+16
3.7470e+16
3.7470e+16
3.7188e+16
3.6659e+16
3.6626e+16
3.6614e+16
3.6524e+16
3.6243e+16
3.5860e+16
3.5815e+16
3.5623e+16
3.5578e+16
3.5432e+16
3.5353e+16
3.4790e+16
3.4734e+16
3.4633e+16
3.4453e+16
3.3957e+16
3.3890e+16
3.3777e+16
3.3450e+16
3.3113e+16
3.2876e+16
3.2640e+16
3.2640e+16
3.2460e+16
3.2268e+16
3.2156e+16
3.2144e+16
3.2043e+16
3.1773e+16
3.1750e+16
3.1548e+16
3.1401e+16
3.1187e+16
3.1176e+16
3.1142e+16
3.0906e+16
3.0827e+16
3.0737e+16
3.0512e+16
3.0501e+16
3.0320e+16
3.0016e+16
2.9983e+16
2.9870e+16
2.9859e+16
2.9701e+16
2.9690e+16
2.9667e+16
2.9577e+16
2.9262e+16
2.9262e+16
2.9240e+16
2.8620e+16
2.8519e+16
2.8373e+16
2.8125e+16
2.8080e+16
2.8024e+16
2.7765e+16
2.7675e+16
2.7585e+16
2.7517e+16
2.7494e+16
2.7202e+16
2.7145e+16
2.7123e+16
2.7078e+16
2.7022e+16
2.6977e+16
2.6909e+16
2.6898e+16
2.6819e+16
2.6740e+16
2.6256e+16
2.6076e+16
2.5952e+16
2.5918e+16
2.5693e+16
2.5659e+16
2.5614e+16
2.5434e+16
2.5434e+16
2.5412e+16
2.5299e+16
2.5231e+16
2.5220e+16
2.5085e+16
2.5063e+16
2.5006e+16
2.4961e+16
2.4927e+16
2.4804e+16
2.4792e+16
2.4680e+16
2.4635e+16
2.4556e+16
2.4545e+16
2.4533e+16
2.4421e+16
2.4184e+16
2.4128e+16
2.4117e+16
2.4117e+16
2.4038e+16
2.3925e+16
2.3880e+16
2.3869e+16
2.3847e+16
2.3835e+16
2.3824e+16
2.3813e+16
2.3790e+16
2.3790e+16
2.3779e+16
2.3768e+16
2.3745e+16
2.3633e+16
2.3610e+16
2.3509e+16
2.3486e+16
2.3464e+16
2.3419e+16
2.3284e+16
2.3261e+16
2.3216e+16
2.3171e+16
2.3115e+16
2.3070e+16
2.3070e+16
2.3002e+16
2.3002e+16
2.2890e+16
2.2878e+16
2.2743e+16
2.2709e+16
2.2664e+16
2.2664e+16
2.2631e+16
2.2619e+16
2.2563e+16
2.2541e+16
2.2529e+16
2.2529e+16
2.2518e+16
2.2518e+16
2.2518e+16
2.2518e+16
2.2518e+16
2.2518e+16
2.2405e+16
2.2394e+16
2.2383e+16
2.2383e+16
2.2338e+16
2.2101e+16
2.2023e+16
2.1966e+16
2.1910e+16
2.1719e+16
2.1662e+16
2.1527e+16
2.1493e+16
2.1403e+16
2.1403e+16
2.1347e+16
2.1280e+16
2.1280e+16
2.1280e+16
2.1280e+16
2.1280e+16
2.1268e+16
2.1268e+16
2.1257e+16
2.1257e+16
2.1257e+16
2.1212e+16
2.1201e+16
2.1167e+16
2.1111e+16
2.0908e+16
2.0874e+16
2.0852e+16
2.0784e+16
2.0739e+16
2.0739e+16
2.0503e+16
2.0446e+16
2.0368e+16
2.0356e+16
2.0289e+16
2.0221e+16
2.0221e+16
2.0165e+16
2.0165e+16
2.0075e+16
1.9996e+16
1.9973e+16
1.9928e+16
1.9906e+16
1.9861e+16
1.9850e+16
1.9838e+16
1.9827e+16
1.9771e+16
1.9737e+16
1.9703e+16
1.9692e+16
1.9681e+16
1.9613e+16
1.9602e+16
1.9568e+16
1.9534e+16
1.9534e+16
1.9489e+16
1.9467e+16
1.9444e+16
1.9399e+16
1.9253e+16
1.9242e+16
1.9039e+16
1.9005e+16
1.8949e+16
1.8881e+16
1.8859e+16
1.8825e+16
1.8780e+16
1.8780e+16
1.8746e+16
1.8724e+16
1.8724e+16
1.8724e+16
1.8701e+16
1.8656e+16
1.8656e+16
1.8656e+16
1.8645e+16
1.8645e+16
1.8645e+16
1.8622e+16
1.8622e+16
1.8577e+16
1.8566e+16
1.8566e+16
1.8566e+16
1.8510e+16
1.8499e+16
1.8453e+16
1.8341e+16
1.8318e+16
1.8296e+16
1.8240e+16
1.8172e+16
1.8161e+16
1.8161e+16
1.8161e+16
1.8150e+16
1.8026e+16
1.8014e+16
1.8003e+16
1.7958e+16
1.7857e+16
1.7846e+16
1.7812e+16
1.7789e+16
1.7744e+16
1.7688e+16
1.7632e+16
1.7564e+16
1.7553e+16
1.7485e+16
1.7463e+16
1.7429e+16
1.7373e+16
1.7339e+16
1.7339e+16
1.7316e+16
1.7305e+16
1.7192e+16
1.7159e+16
1.7147e+16
1.7057e+16
1.7024e+16
1.7001e+16
1.6990e+16
1.6945e+16
1.6934e+16
1.6922e+16
1.6900e+16
1.6888e+16
1.6888e+16
1.6877e+16
1.6855e+16
1.6855e+16
1.6821e+16
1.6821e+16
1.6798e+16
1.6798e+16
1.6787e+16
1.6776e+16
1.6652e+16
1.6641e+16
1.6585e+16
1.6573e+16
1.6562e+16
1.6528e+16
1.6483e+16
1.6416e+16
1.6337e+16
1.6303e+16
1.6269e+16
1.6190e+16
1.6157e+16
1.6134e+16
1.6112e+16
1.6044e+16
1.6044e+16
1.6010e+16
1.5898e+16
1.5898e+16
1.5886e+16
1.5841e+16
1.5841e+16
1.5774e+16
1.5774e+16
1.5763e+16
1.5740e+16
1.3939e+16
1.3916e+16
1.3905e+16
1.3849e+16
1.3849e+16
1.3837e+16
1.3691e+16
1.3635e+16
1.3590e+16
1.3545e+16
1.3545e+16
1.3533e+16
1.3533e+16
1.3511e+16
1.3511e+16
1.3466e+16
1.3443e+16
1.3409e+16
1.3353e+16
1.3331e+16
1.3263e+16
1.3252e+16
1.3241e+16
1.3241e+16
1.3207e+16
1.3207e+16
1.3184e+16
1.3117e+16
1.3117e+16
1.3060e+16
1.3049e+16
1.3038e+16
1.3038e+16
1.2937e+16
1.2925e+16
1.2925e+16
1.2914e+16
1.2914e+16
1.2880e+16
1.2869e+16
1.2835e+16
1.2824e+16
1.2779e+16
1.2734e+16
1.2723e+16
1.2723e+16
1.2655e+16
1.2633e+16
1.2610e+16
1.2599e+16
1.3939e+16
1.3916e+16
1.3905e+16
1.3849e+16
1.3849e+16
1.3837e+16
1.3691e+16
1.3635e+16
1.3590e+16
1.3545e+16
1.3545e+16
1.3533e+16
1.3533e+16
1.3511e+16
1.3511e+16
1.3466e+16
1.3443e+16
1.3409e+16
1.3353e+16
1.3331e+16
1.3263e+16
1.3252e+16
1.3241e+16
1.3241e+16
1.3207e+16
1.3207e+16
1.3184e+16
1.3117e+16
1.3117e+16
1.3060e+16
1.3049e+16
1.3038e+16
1.3038e+16
1.2937e+16
1.2925e+16
1.2925e+16
1.2914e+16
1.2914e+16
1.2880e+16
1.2869e+16
1.2835e+16
1.2824e+16
1.2779e+16
1.2734e+16
1.2723e+16
1.2723e+16
1.2655e+16
1.2633e+16
1.2610e+16
1.2599e+16
1.2565e+16
1.2531e+16
1.2520e+16
1.2509e+16
1.2475e+16
1.2475e+16
1.2430e+16
1.2396e+16
1.2385e+16
1.2351e+16
1.2340e+16
1.2340e+16
1.2340e+16
1.2329e+16
1.2306e+16
1.2284e+16
1.2284e+16
1.2261e+16
1.2239e+16
1.2227e+16
1.2216e+16
1.2205e+16
1.2171e+16
1.2160e+16
1.2148e+16
1.2137e+16
1.2126e+16
1.2115e+16
1.2070e+16
1.2058e+16
1.2047e+16
1.1991e+16
1.1991e+16
1.1935e+16
1.1923e+16
1.1912e+16
1.1901e+16
1.1890e+16
1.1878e+16
1.1822e+16
1.1822e+16
1.1822e+16
1.1777e+16
1.1777e+16
1.1777e+16
1.1754e+16
1.1743e+16
1.1709e+16
1.1709e+16
1.1698e+16
1.1687e+16
1.1687e+16
1.1687e+16
1.1653e+16
1.1653e+16
1.1653e+16
1.1631e+16
1.1631e+16
1.1631e+16
1.1619e+16
1.1608e+16
1.1586e+16
1.1574e+16
1.1563e+16
1.1563e+16
1.1563e+16
1.1552e+16
1.1552e+16
1.1552e+16
1.1529e+16
1.1529e+16
1.1495e+16
1.1484e+16
1.1473e+16
1.1473e+16
1.1439e+16
1.1439e+16
1.1428e+16
1.1417e+16
1.1417e+16
1.1417e+16
1.1394e+16
1.1383e+16
1.1372e+16
1.1372e+16
1.1372e+16
1.1372e+16
1.1372e+16
1.1338e+16
1.1338e+16
1.1327e+16
1.1327e+16
1.1315e+16
1.1304e+16
1.1304e+16
1.1304e+16
1.1304e+16
1.1293e+16
1.1293e+16
1.1293e+16
1.1293e+16
1.1293e+16
1.1293e+16
1.1293e+16
1.1282e+16
1.1282e+16
1.1282e+16
1.1282e+16
1.1282e+16
1.1270e+16
1.1270e+16
1.1270e+16
1.1270e+16
1.1270e+16
1.1270e+16
1.1270e+16
1.1259e+16
1.1259e+16
1.1259e+16
1.1259e+16
1.1259e+16
1.1259e+16
1.1259e+16
1.1259e+16
1.1259e+16
1.1259e+16
1.1259e+16
1.1259e+16
1.1259e+16
1.1259e+16
1.1259e+16
1.1259e+16
1.1259e+16
1.1259e+16
1.1259e+16
1.1248e+16
1.1248e+16
1.1248e+16
1.1248e+16
1.1248e+16
1.1225e+16
1.1225e+16
1.1214e+16
1.1214e+16
1.1214e+16
1.1191e+16
1.1191e+16
1.1180e+16
1.1169e+16
1.1169e+16
1.1113e+16
1.1090e+16
1.1056e+16
1.1045e+16
1.1034e+16
1.1034e+16
1.1011e+16
1.1011e+16
1.0966e+16
1.0966e+16
1.0955e+16
1.0955e+16
1.0921e+16
1.0921e+16
1.0865e+16
1.0842e+16
1.0797e+16
1.0775e+16
1.0775e+16
1.0730e+16
1.0730e+16
1.0696e+16
1.0685e+16
1.0651e+16
1.0651e+16
1.0595e+16
1.0572e+16
1.0538e+16
1.0471e+16
1.0460e+16
1.0437e+16
1.0437e+16
1.0426e+16
1.0403e+16
1.0381e+16
1.0347e+16
1.0268e+16
1.0268e+16
1.0234e+16
1.0167e+16
1.0167e+16
1.0156e+16
1.0133e+16
1.0133e+16
1.0122e+16
1.0111e+16
1.0111e+16
1.0099e+16
1.0066e+16
1.0021e+16
9.2211e+15
9.1873e+15
9.1761e+15
9.1648e+15
9.1536e+15
9.1423e+15
9.1310e+15
9.0973e+15
9.0748e+15
9.0748e+15
9.0522e+15
9.0522e+15
9.0410e+15
9.0297e+15
9.0297e+15
9.0297e+15
9.0185e+15
9.0072e+15
9.0072e+15
9.0072e+15
8.9847e+15
8.9734e+15
8.9734e+15
8.9509e+15
8.9509e+15
8.9171e+15
8.9059e+15
8.8946e+15
8.8946e+15
8.8946e+15
8.8608e+15
8.8383e+15
8.8158e+15
8.7933e+15
8.7933e+15
8.7933e+15
8.7933e+15
8.7708e+15
8.7370e+15
8.6919e+15
8.6582e+15
8.6469e+15
8.6357e+15
8.5906e+15
8.5794e+15
8.5681e+15
8.5568e+15
8.5568e+15
8.5568e+15
8.5568e+15
9.2211e+15
9.1873e+15
9.1761e+15
9.1648e+15
9.1536e+15
9.1423e+15
9.1310e+15
9.0973e+15
9.0748e+15
9.0748e+15
9.0522e+15
9.0522e+15
9.0410e+15
9.0297e+15
9.0297e+15
9.0297e+15
9.0185e+15
9.0072e+15
9.0072e+15
9.0072e+15
8.9847e+15
8.9734e+15
8.9734e+15
8.9509e+15
8.9509e+15
8.9171e+15
8.9059e+15
8.8946e+15
8.8946e+15
8.8946e+15
8.8608e+15
8.8383e+15
8.8158e+15
8.7933e+15
8.7933e+15
8.7933e+15
8.7933e+15
8.7708e+15
8.7370e+15
8.6919e+15
8.6582e+15
8.6469e+15
8.6357e+15
8.5906e+15
8.5794e+15
8.5681e+15
8.5568e+15
8.5568e+15
8.5568e+15
8.5568e+15
8.5343e+15
8.5118e+15
8.5118e+15
8.4893e+15
8.4893e+15
8.4555e+15
8.4555e+15
8.4105e+15
8.3992e+15
8.3880e+15
8.3767e+15
8.3654e+15
8.3542e+15
8.3204e+15
8.2979e+15
8.2866e+15
8.2866e+15
8.2754e+15
8.2754e+15
8.2641e+15
8.2528e+15
8.2528e+15
8.2416e+15
8.2416e+15
8.2416e+15
8.2303e+15
8.2078e+15
8.1966e+15
8.1966e+15
8.1853e+15
8.1853e+15
8.1628e+15
8.1403e+15
8.0727e+15
8.0277e+15
8.0164e+15
8.0164e+15
8.0051e+15
8.0051e+15
7.9826e+15
7.9826e+15
7.9714e+15
7.9601e+15
7.9601e+15
7.9601e+15
7.9489e+15
7.9038e+15
7.9038e+15
7.8926e+15
7.8926e+15
7.8813e+15
7.8813e+15
7.8700e+15
7.8588e+15
7.8475e+15
7.8475e+15
7.8363e+15
7.8363e+15
7.8250e+15
7.8025e+15
7.7687e+15
7.7687e+15
7.7687e+15
7.7575e+15
7.7462e+15
7.7237e+15
7.7012e+15
7.7012e+15
7.7012e+15
7.6786e+15
7.6786e+15
7.6786e+15
7.6561e+15
7.6561e+15
7.6561e+15
7.6336e+15
7.6336e+15
7.6223e+15
7.6111e+15
7.5998e+15
7.5660e+15
7.5548e+15
7.5435e+15
7.5435e+15
7.5098e+15
7.5098e+15
7.4985e+15
7.4872e+15
7.4760e+15
7.4760e+15
7.4535e+15
7.4422e+15
7.4422e+15
7.4309e+15
7.4197e+15
7.4084e+15
7.4084e+15
7.4084e+15
7.3521e+15
7.3409e+15
7.3296e+15
7.3296e+15
7.3296e+15
7.3183e+15
7.3183e+15
7.3183e+15
7.3071e+15
7.2958e+15
7.2958e+15
7.2846e+15
7.2508e+15
7.2395e+15
7.2395e+15
7.2058e+15
7.1607e+15
7.1269e+15
7.1269e+15
7.1157e+15
7.1044e+15
7.1044e+15
7.0932e+15
7.0932e+15
7.0819e+15
7.0707e+15
7.0707e+15
7.0481e+15
7.0481e+15
7.0369e+15
7.0031e+15
7.0031e+15
6.9918e+15
6.9918e+15
6.9918e+15
6.9693e+15
6.9581e+15
6.9468e+15
6.9468e+15
6.9355e+15
6.9355e+15
6.9130e+15
6.9018e+15
6.9018e+15
6.8455e+15
6.8455e+15
6.8342e+15
6.8230e+15
6.8117e+15
6.8004e+15
6.7779e+15
6.7554e+15
6.7554e+15
6.7554e+15
6.7554e+15
6.7554e+15
6.7554e+15
6.7554e+15
6.7441e+15
6.7216e+15
6.7104e+15
6.7104e+15
6.6991e+15
6.6991e+15
6.6991e+15
6.6878e+15
6.6878e+15
6.6878e+15
6.6653e+15
6.6653e+15
6.6428e+15
6.6316e+15
6.6316e+15
6.6203e+15
6.6203e+15
6.6090e+15
6.6090e+15
6.5978e+15
6.5978e+15
6.5865e+15
6.5865e+15
6.5302e+15
6.4852e+15
6.4739e+15
6.4627e+15
6.4401e+15
6.4176e+15
6.3951e+15
6.3951e+15
6.3951e+15
6.3839e+15
6.3839e+15
6.3501e+15
6.3276e+15
6.3163e+15
6.3050e+15
6.2713e+15
6.2713e+15
6.2713e+15
6.2487e+15
6.2487e+15
6.2487e+15
6.2375e+15
6.2375e+15
6.2262e+15
6.2262e+15
6.1924e+15
6.1924e+15
6.1812e+15
6.1812e+15
6.1587e+15
6.1474e+15
6.1362e+15
6.1362e+15
6.1249e+15
6.0911e+15
6.0799e+15
6.0686e+15
6.0686e+15
6.0573e+15
6.0461e+15
6.0461e+15
6.0461e+15
6.0123e+15
6.0123e+15
5.9898e+15
5.9785e+15
5.9673e+15
5.9560e+15
5.9560e+15
5.9335e+15
5.9335e+15
5.9335e+15
5.9110e+15
5.8997e+15
5.8997e+15
5.8997e+15
5.8997e+15
5.8772e+15
5.8659e+15
5.8547e+15
5.8434e+15
5.8096e+15
5.7759e+15
5.7533e+15
5.7533e+15
5.7533e+15
5.7421e+15
5.7421e+15
5.7421e+15
5.7421e+15
5.7421e+15
5.7083e+15
5.7083e+15
5.6971e+15
5.6971e+15
5.6858e+15
5.6858e+15
5.6858e+15
5.6858e+15
5.6858e+15
5.6745e+15
5.6745e+15
5.6745e+15
5.6745e+15
5.6745e+15
5.6745e+15
5.6745e+15
5.6745e+15
5.6745e+15
5.6745e+15
5.6633e+15
5.6633e+15
5.6520e+15
5.6520e+15
5.6520e+15
5.6520e+15
5.6408e+15
5.6408e+15
5.6408e+15
5.6408e+15
5.6408e+15
5.6408e+15
5.6408e+15
5.6408e+15
5.6408e+15
5.6408e+15
5.6295e+15
5.6295e+15
5.6295e+15
5.6295e+15
5.6295e+15
5.6295e+15
5.6295e+15
5.6295e+15
5.6295e+15
5.6295e+15
5.6295e+15
5.6295e+15
5.6295e+15
5.6295e+15
5.6295e+15
5.6295e+15
5.6295e+15
5.6295e+15
5.6295e+15
5.6182e+15
5.6182e+15
5.6070e+15
5.5957e+15
5.5957e+15
5.5957e+15
5.5845e+15
5.5845e+15
5.5845e+15
5.5732e+15
5.5619e+15
5.5619e+15
5.5619e+15
5.5507e+15
5.5507e+15
5.5394e+15
5.5282e+15
5.5169e+15
5.5169e+15
5.4831e+15
5.4831e+15
5.4719e+15
5.4606e+15
5.4606e+15
5.4606e+15
5.4494e+15
5.4381e+15
5.4381e+15
5.4381e+15
5.4268e+15
5.4268e+15
5.4156e+15
5.4156e+15
5.4043e+15
5.4043e+15
5.4043e+15
5.4043e+15
5.4043e+15
5.3818e+15
5.3818e+15
5.3818e+15
5.3705e+15
5.3705e+15
5.3593e+15
5.3593e+15
5.3368e+15
5.3368e+15
5.3255e+15
5.3030e+15
5.2917e+15
5.2805e+15
5.2805e+15
5.2805e+15
5.2692e+15
5.2580e+15
5.2242e+15
5.2242e+15
5.2129e+15
5.2129e+15
5.2129e+15
5.2017e+15
5.2017e+15
5.2017e+15
5.1904e+15
5.1791e+15
5.1679e+15
5.1566e+15
5.1228e+15
5.1228e+15
5.1003e+15
5.1003e+15
5.0891e+15
5.0778e+15
5.0665e+15
5.0665e+15
5.0440e+15
5.0440e+15
5.0328e+15
4.9990e+15
4.9765e+15
4.9765e+15
4.9765e+15
4.9540e+15
4.9427e+15
4.9427e+15
4.9427e+15
4.9427e+15
4.9314e+15
4.9202e+15
4.9202e+15
4.9202e+15
4.9202e+15
4.9089e+15
4.8977e+15
4.8977e+15
4.8977e+15
4.6049e+15
4.5937e+15
4.5824e+15
4.5824e+15
4.5712e+15
4.5712e+15
4.5712e+15
4.5712e+15
4.5712e+15
4.5712e+15
4.5712e+15
4.5599e+15
4.5599e+15
4.5486e+15
4.5486e+15
4.5486e+15
4.5374e+15
4.5374e+15
4.5261e+15
4.5149e+15
4.5149e+15
4.5149e+15
4.5149e+15
4.5149e+15
4.5036e+15
4.5036e+15
4.5036e+15
4.5036e+15
4.5036e+15
4.5036e+15
4.5036e+15
4.5036e+15
4.5036e+15
4.4811e+15
4.4811e+15
4.4586e+15
4.4586e+15
4.4360e+15
4.4248e+15
4.4248e+15
4.4248e+15
4.4135e+15
4.4135e+15
4.4135e+15
4.4023e+15
4.4023e+15
4.4023e+15
4.4023e+15
4.3798e+15
4.3798e+15
4.3685e+15
4.3685e+15
4.3572e+15
4.3572e+15
4.3347e+15
4.3009e+15
4.2784e+15
4.2784e+15
4.2559e+15
4.2559e+15
4.2446e+15
4.2446e+15
4.2446e+15
4.2446e+15
4.2446e+15
4.2446e+15
4.2334e+15
4.2334e+15
4.2221e+15
4.2221e+15
4.2109e+15
4.2109e+15
4.2109e+15
4.1996e+15
4.1883e+15
4.1883e+15
4.1433e+15
4.1433e+15
4.1433e+15
4.1433e+15
4.1321e+15
4.1321e+15
4.1208e+15
4.1208e+15
4.1095e+15
4.1095e+15
4.1095e+15
4.0983e+15
4.0758e+15
4.0645e+15
4.0645e+15
4.0532e+15
4.0532e+15
4.0532e+15
4.0532e+15
4.0420e+15
4.0420e+15
4.0307e+15
4.0307e+15
4.0195e+15
4.0195e+15
4.0082e+15
4.0082e+15
4.0082e+15
3.9969e+15
3.9969e+15
3.9969e+15
3.9857e+15
3.9857e+15
3.9857e+15
3.9744e+15
3.9519e+15
3.9406e+15
3.9406e+15
3.9406e+15
3.9406e+15
3.9406e+15
3.9294e+15
3.9294e+15
3.9294e+15
3.9181e+15
3.9181e+15
3.9069e+15
3.9069e+15
3.9069e+15
3.9069e+15
3.8956e+15
3.8956e+15
3.8956e+15
3.8844e+15
3.8731e+15
3.8618e+15
3.8618e+15
3.8506e+15
3.8506e+15
3.8393e+15
3.8393e+15
3.8393e+15
3.8393e+15
3.8168e+15
3.8168e+15
3.8055e+15
3.8055e+15
3.8055e+15
3.8055e+15
3.7943e+15
3.7943e+15
3.7830e+15
3.7718e+15
3.7718e+15
3.7718e+15
3.7605e+15
3.7605e+15
3.7605e+15
3.7492e+15
3.7380e+15
3.7155e+15
3.7155e+15
3.7042e+15
3.7042e+15
3.7042e+15
3.7042e+15
3.6930e+15
3.6817e+15
3.6817e+15
3.6704e+15
3.6592e+15
3.6592e+15
3.6592e+15
3.6592e+15
3.6479e+15
3.6367e+15
3.6254e+15
3.6254e+15
3.6141e+15
3.6141e+15
3.6141e+15
3.6141e+15
3.6029e+15
3.6029e+15
3.6029e+15
3.6029e+15
3.6029e+15
3.5916e+15
3.5916e+15
3.5804e+15
3.5804e+15
3.5804e+15
3.5578e+15
3.5578e+15
3.5578e+15
3.5578e+15
3.5466e+15
3.5466e+15
3.5466e+15
3.5466e+15
3.5353e+15
3.5353e+15
3.5241e+15
3.5241e+15
3.5241e+15
3.5015e+15
3.5015e+15
3.4903e+15
3.4903e+15
3.4790e+15
3.4790e+15
3.4790e+15
3.4790e+15
3.4790e+15
3.4790e+15
3.4565e+15
3.4565e+15
3.4565e+15
3.4453e+15
3.4453e+15
3.4453e+15
3.4453e+15
3.4453e+15
3.4340e+15
3.4340e+15
3.4340e+15
3.4227e+15
3.4227e+15
3.4227e+15
3.4115e+15
3.4115e+15
3.4115e+15
3.4115e+15
3.4002e+15
3.4002e+15
3.4002e+15
3.4002e+15
3.4002e+15
3.4002e+15
3.3890e+15
3.3890e+15
3.3890e+15
3.3890e+15
3.3890e+15
3.3890e+15
3.3890e+15
3.3890e+15
3.3890e+15
3.3890e+15
3.3890e+15
3.3777e+15
3.3777e+15
3.3777e+15
3.3777e+15
3.3777e+15
3.3777e+15
3.3777e+15
3.3777e+15
3.3777e+15
3.3777e+15
3.3777e+15
3.3777e+15
3.3777e+15
3.3777e+15
3.3777e+15
3.3777e+15
3.3777e+15
3.3777e+15
3.3777e+15
3.3777e+15
3.3777e+15
3.3664e+15
3.3664e+15
3.3664e+15
3.3664e+15
3.3664e+15
3.3664e+15
3.3552e+15
3.3552e+15
3.3552e+15
3.3552e+15
3.3439e+15
3.3327e+15
3.3327e+15
3.3214e+15
3.3214e+15
3.3214e+15
3.3101e+15
3.3101e+15
3.3101e+15
3.3101e+15
3.2989e+15
3.2876e+15
3.2876e+15
3.2764e+15
3.2764e+15
3.2764e+15
3.2764e+15
3.2764e+15
3.2764e+15
3.2651e+15
3.2651e+15
3.2651e+15
3.2539e+15
3.3777e+15
3.3777e+15
3.3777e+15
3.3777e+15
3.3777e+15
3.3777e+15
3.3777e+15
3.3777e+15
3.3777e+15
3.3777e+15
3.3777e+15
3.3777e+15
3.3777e+15
3.3777e+15
3.3777e+15
3.3777e+15
3.3777e+15
3.3664e+15
3.3664e+15
3.3664e+15
3.3664e+15
3.3664e+15
3.3664e+15
3.3552e+15
3.3552e+15
3.3552e+15
3.3552e+15
3.3439e+15
3.3327e+15
3.3327e+15
3.3214e+15
3.3214e+15
3.3214e+15
3.3101e+15
3.3101e+15
3.3101e+15
3.3101e+15
3.2989e+15
3.2876e+15
3.2876e+15
3.2764e+15
3.2764e+15
3.2764e+15
3.2764e+15
3.2764e+15
3.2764e+15
3.2651e+15
3.2651e+15
3.2651e+15
3.2539e+15
3.2539e+15
3.2426e+15
3.2426e+15
3.2313e+15
3.2313e+15
3.2313e+15
3.2201e+15
3.2201e+15
3.2088e+15
3.2088e+15
3.1976e+15
3.1863e+15
3.1863e+15
3.1863e+15
3.1863e+15
3.1750e+15
3.1750e+15
3.1750e+15
3.1638e+15
3.1638e+15
3.1638e+15
3.1638e+15
3.1638e+15
3.1525e+15
3.1525e+15
3.1300e+15
3.1300e+15
3.1187e+15
3.1187e+15
3.1187e+15
3.1075e+15
3.1075e+15
3.0962e+15
3.0962e+15
3.0850e+15
3.0850e+15
3.0850e+15
3.0850e+15
3.0737e+15
3.0624e+15
3.0624e+15
3.0624e+15
3.0512e+15
3.0512e+15
3.0512e+15
3.0399e+15
3.0399e+15
3.0399e+15
3.0399e+15
3.0287e+15
3.0287e+15
3.0287e+15
3.0287e+15
3.0287e+15
3.0174e+15
3.0174e+15
3.0062e+15
3.0062e+15
3.0062e+15
3.0062e+15
3.0062e+15
2.9949e+15
2.9949e+15
2.9949e+15
2.9949e+15
2.9949e+15
2.9836e+15
2.9836e+15
2.9724e+15
2.9724e+15
2.9611e+15
2.9611e+15
2.9611e+15
2.9499e+15
2.9499e+15
2.9499e+15
2.9499e+15
2.9386e+15
2.9273e+15
2.9273e+15
2.9161e+15
2.9161e+15
2.9048e+15
2.9048e+15
2.9048e+15
2.9048e+15
2.9048e+15
2.8936e+15
2.8936e+15
2.8823e+15
2.8823e+15
2.8823e+15
2.8823e+15
2.8823e+15
2.8823e+15
2.8823e+15
2.8710e+15
2.8598e+15
2.8598e+15
2.8598e+15
2.8598e+15
2.8485e+15
2.8485e+15
2.8485e+15
2.8485e+15
2.8485e+15
2.8485e+15
2.8485e+15
2.8373e+15
2.8260e+15
2.8260e+15
2.8260e+15
2.8260e+15
2.8260e+15
2.8260e+15
2.8260e+15
2.8260e+15
2.8147e+15
2.8147e+15
2.8147e+15
2.8147e+15
2.8147e+15
2.8035e+15
2.8035e+15
2.8035e+15
2.7922e+15
2.7922e+15
2.7922e+15
2.7922e+15
2.7810e+15
2.7810e+15
2.7810e+15
2.7810e+15
2.7810e+15
2.7697e+15
2.7697e+15
2.7697e+15
2.7697e+15
2.7585e+15
2.7585e+15
2.7585e+15
2.7585e+15
2.7472e+15
2.7472e+15
2.7359e+15
2.7359e+15
2.7359e+15
2.7359e+15
2.7359e+15
2.7359e+15
2.7359e+15
2.7359e+15
2.7359e+15
2.7247e+15
2.7247e+15
2.7247e+15
2.7247e+15
2.7247e+15
2.7134e+15
2.7134e+15
2.7134e+15
2.7022e+15
2.7022e+15
2.7022e+15
2.7022e+15
2.6909e+15
2.6909e+15
2.6909e+15
2.6796e+15
2.6796e+15
2.6684e+15
2.6684e+15
2.6684e+15
2.6571e+15
2.6571e+15
2.6571e+15
2.6571e+15
2.6571e+15
2.6459e+15
2.6459e+15
2.6459e+15
2.6459e+15
2.6459e+15
2.6346e+15
2.6346e+15
2.6346e+15
2.6233e+15
2.6233e+15
2.6233e+15
2.6233e+15
2.6121e+15
2.6121e+15
2.6121e+15
2.6121e+15
2.6121e+15
2.6008e+15
2.6008e+15
2.6008e+15
2.6008e+15
2.5896e+15
2.5896e+15
2.5896e+15
2.5783e+15
2.5783e+15
2.5783e+15
2.5783e+15
2.5558e+15
2.5558e+15
2.5558e+15
2.5558e+15
2.5558e+15
2.5445e+15
2.5445e+15
2.5445e+15
2.5445e+15
2.5445e+15
2.5333e+15
2.5333e+15
2.5333e+15
2.5220e+15
2.5220e+15
2.5108e+15
2.5108e+15
2.5108e+15
2.5108e+15
2.4995e+15
2.4995e+15
2.4995e+15
2.4995e+15
2.4882e+15
2.4882e+15
2.4882e+15
2.4770e+15
2.4770e+15
2.4657e+15
2.4657e+15
2.4657e+15
2.4657e+15
2.4545e+15
2.4545e+15
2.4545e+15
2.4432e+15
2.4432e+15
2.4319e+15
2.4319e+15
2.4319e+15
2.4319e+15
2.4319e+15
2.4207e+15
2.4207e+15
2.4207e+15
2.4207e+15
2.4207e+15
2.4207e+15
2.4207e+15
2.4207e+15
2.4207e+15
2.4094e+15
2.4094e+15
2.4094e+15
2.4094e+15
2.4094e+15
2.3982e+15
2.3982e+15
2.3982e+15
2.3869e+15
2.3869e+15
2.3756e+15
2.3756e+15
2.3756e+15
2.3644e+15
2.3644e+15
2.3644e+15
2.3644e+15
2.3644e+15
2.3531e+15
2.3531e+15
2.3531e+15
2.3531e+15
2.3419e+15
2.3419e+15
2.3419e+15
2.3419e+15
2.3306e+15
2.3306e+15
2.3306e+15
2.3306e+15
2.3306e+15
2.3306e+15
2.3194e+15
2.3194e+15
2.3194e+15
2.3194e+15
2.3081e+15
2.3081e+15
2.3081e+15
2.3081e+15
2.3081e+15
2.3081e+15
2.2968e+15
2.2968e+15
2.2968e+15
2.2968e+15
2.2968e+15
2.2968e+15
2.2968e+15
2.2968e+15
2.2968e+15
2.2856e+15
2.2856e+15
2.2856e+15
2.2856e+15
2.2856e+15
2.2856e+15
2.2743e+15
2.2743e+15
2.2743e+15
2.2743e+15
2.2743e+15
2.2743e+15
2.2631e+15
2.2631e+15
2.2631e+15
2.2631e+15
2.2631e+15
2.2631e+15
2.2631e+15
2.2631e+15
2.2631e+15
2.2518e+15
2.2518e+15
2.2518e+15
2.2518e+15
2.2518e+15
2.2518e+15
2.2518e+15
2.2518e+15
2.2518e+15
2.2518e+15
2.2518e+15
2.2518e+15
2.2518e+15
2.2518e+15
2.2518e+15
2.2518e+15
2.2518e+15
2.2518e+15
2.2518e+15
2.2518e+15
2.2518e+15
2.2518e+15
2.2518e+15
2.2518e+15
2.2518e+15
2.2518e+15
2.2518e+15
2.2405e+15
2.2405e+15
2.2405e+15
2.2405e+15
2.2405e+15
2.2405e+15
2.2405e+15
2.2405e+15
2.2293e+15
2.2293e+15
2.2293e+15
2.2293e+15
2.2293e+15
2.2293e+15
2.2293e+15
2.2180e+15
2.2180e+15
2.2180e+15
2.2180e+15
2.2180e+15
2.2068e+15
2.2068e+15
2.2068e+15
2.2068e+15
2.2068e+15
2.2068e+15
2.1955e+15
2.1955e+15
2.1955e+15
2.1955e+15
2.1955e+15
2.1955e+15
2.1955e+15
2.1955e+15
2.1955e+15
2.1955e+15
2.1955e+15
2.1955e+15
2.1842e+15
2.1842e+15
2.1730e+15
2.1730e+15
2.1730e+15
2.1617e+15
2.1505e+15
2.1505e+15
2.1505e+15
2.1505e+15
2.1505e+15
2.1392e+15
2.1392e+15
2.1392e+15
2.1392e+15
2.1280e+15
2.1280e+15
2.1280e+15
2.1167e+15
2.1167e+15
2.1167e+15
2.1167e+15
2.1167e+15
2.1167e+15
2.1167e+15
2.1054e+15
2.1054e+15
2.1054e+15
2.0942e+15
2.0942e+15
2.0942e+15
2.0942e+15
2.0942e+15
2.0829e+15
2.0829e+15
2.0829e+15
2.0829e+15
2.0829e+15
2.0717e+15
2.0717e+15
2.0717e+15
2.0717e+15
2.0717e+15
2.0604e+15
2.0491e+15
2.0491e+15
2.0491e+15
2.0491e+15
2.0491e+15
2.0491e+15
2.0379e+15
2.0379e+15
2.0379e+15
2.0379e+15
2.0379e+15
2.0379e+15
2.0266e+15
2.0266e+15
2.0154e+15
2.0154e+15
2.0154e+15
2.0154e+15
2.0041e+15
1.9928e+15
1.9816e+15
1.9816e+15
1.9816e+15
1.9703e+15
1.9703e+15
1.9703e+15
1.9703e+15
1.9703e+15
1.9591e+15
1.9591e+15
1.9591e+15
1.9591e+15
1.9478e+15
1.9478e+15
1.9478e+15
1.9478e+15
1.9478e+15
1.9365e+15
1.9365e+15
1.9365e+15
1.9365e+15
1.9365e+15
1.9253e+15
1.9253e+15
1.9253e+15
1.9253e+15
1.9253e+15
1.9140e+15
1.9140e+15
1.9140e+15
1.9140e+15
1.9140e+15
1.9140e+15
1.9140e+15
1.9028e+15
1.9028e+15
1.9028e+15
1.9028e+15
1.9028e+15
1.9028e+15
1.9028e+15
1.9028e+15
1.8915e+15
1.8915e+15
1.8915e+15
1.8915e+15
1.8915e+15
1.8803e+15
1.8803e+15
1.8803e+15
1.8690e+15
1.8690e+15
1.8577e+15
1.8577e+15
1.8465e+15
1.8465e+15
1.8465e+15
1.8465e+15
1.8465e+15
1.8465e+15
1.8352e+15
1.8352e+15
1.8352e+15
1.8240e+15
1.8240e+15
1.8240e+15
1.8127e+15
1.8127e+15
1.8127e+15
1.8014e+15
1.8014e+15
1.8014e+15
1.8014e+15
1.8014e+15
1.8014e+15
1.8014e+15
1.8014e+15
1.7902e+15
1.7902e+15
1.7902e+15
1.7902e+15
1.7789e+15
1.7789e+15
1.7789e+15
1.7789e+15
1.7789e+15
1.7789e+15
1.7677e+15
1.7677e+15
1.7564e+15
1.7564e+15
1.7564e+15
1.7451e+15
1.7451e+15
1.7451e+15
1.7339e+15
1.7339e+15
1.7339e+15
1.7226e+15
1.7114e+15
1.7114e+15
1.7114e+15
1.7114e+15
1.7114e+15
1.7001e+15
1.7001e+15
1.7001e+15
1.6888e+15
1.6888e+15
1.6888e+15
1.6888e+15
1.6888e+15
1.6888e+15
1.6888e+15
1.6888e+15
1.6888e+15
1.6888e+15
1.6776e+15
1.6663e+15
1.6663e+15
1.6663e+15
1.6663e+15
1.6663e+15
1.6551e+15
1.6551e+15
1.6551e+15
1.6551e+15
1.6551e+15
1.6551e+15
1.6438e+15
1.6438e+15
1.6438e+15
1.6438e+15
1.6438e+15
1.6438e+15
1.6438e+15
1.6438e+15
1.6438e+15
1.6326e+15
1.6326e+15
1.6326e+15
1.6326e+15
1.6326e+15
1.6326e+15
1.6326e+15
1.6213e+15
1.6213e+15
1.6213e+15
1.6213e+15
1.6213e+15
1.6213e+15
1.6213e+15
1.6213e+15
1.6100e+15
1.6100e+15
1.6100e+15
1.5988e+15
1.5988e+15
1.5988e+15
1.5988e+15
1.5988e+15
1.5988e+15
1.5988e+15
1.5988e+15
1.5988e+15
1.5988e+15
1.5875e+15
1.5875e+15
1.5875e+15
1.5875e+15
1.5875e+15
1.5875e+15
1.5763e+15
1.5763e+15
1.5763e+15
1.5763e+15
1.5650e+15
1.5650e+15
1.5650e+15
1.5650e+15
1.5650e+15
1.5537e+15
1.5537e+15
1.5537e+15
1.5537e+15
1.5537e+15
1.5425e+15
1.5425e+15
1.5425e+15
1.5425e+15
1.5425e+15
1.5312e+15
1.5312e+15
1.5312e+15
1.5312e+15
1.5312e+15
1.5312e+15
1.5200e+15
1.5200e+15
1.5200e+15
1.5200e+15
1.5200e+15
1.5087e+15
1.5087e+15
1.5087e+15
1.5087e+15
1.4974e+15
1.4974e+15
1.4974e+15
1.4974e+15
1.4862e+15
1.4862e+15
1.4862e+15
1.4862e+15
1.4749e+15
1.4749e+15
1.4749e+15
1.4749e+15
1.4749e+15
1.4637e+15
1.4637e+15
1.4637e+15
1.4637e+15
1.4637e+15
1.4637e+15
1.4637e+15
1.4637e+15
1.4637e+15
1.4637e+15
1.4637e+15
1.4637e+15
1.4524e+15
1.4524e+15
1.4524e+15
1.4524e+15
1.4524e+15
1.4412e+15
1.4412e+15
1.4412e+15
1.4299e+15
1.4299e+15
1.4186e+15
1.3173e+15
1.3173e+15
1.3173e+15
1.3173e+15
1.3060e+15
1.3060e+15
1.3060e+15
1.3060e+15
1.3060e+15
1.3060e+15
1.3060e+15
1.3060e+15
1.3060e+15
1.2948e+15
1.2948e+15
1.2948e+15
1.2948e+15
1.2948e+15
1.2948e+15
1.2835e+15
1.2835e+15
1.2835e+15
1.2835e+15
1.2835e+15
1.2835e+15
1.2835e+15
1.2835e+15
1.2723e+15
1.2723e+15
1.2723e+15
1.2723e+15
1.2723e+15
1.2610e+15
1.2610e+15
1.2610e+15
1.2610e+15
1.2497e+15
1.2497e+15
1.2497e+15
1.2497e+15
1.2497e+15
1.2497e+15
1.2497e+15
1.2385e+15
1.2385e+15
1.2385e+15
1.2385e+15
1.2385e+15
1.2385e+15
1.2385e+15
1.2385e+15
1.2385e+15
1.2272e+15
1.2272e+15
1.2272e+15
1.2272e+15
1.2272e+15
1.2272e+15
1.2160e+15
1.2160e+15
1.2160e+15
1.2160e+15
1.2160e+15
1.2160e+15
1.2160e+15
1.2160e+15
1.2160e+15
1.2047e+15
1.2047e+15
1.2047e+15
1.2047e+15
1.2047e+15
1.1935e+15
1.1935e+15
1.1935e+15
1.1935e+15
1.1935e+15
1.1935e+15
1.1935e+15
1.1935e+15
1.1935e+15
1.1935e+15
1.1935e+15
1.1935e+15
1.1935e+15
1.1822e+15
1.1822e+15
1.1822e+15
1.1822e+15
1.1822e+15
1.1822e+15
1.1822e+15
1.1822e+15
1.1709e+15
1.1709e+15
1.1709e+15
1.1709e+15
1.1709e+15
1.1709e+15
1.1709e+15
1.2385e+15
1.2385e+15
1.2272e+15
1.2272e+15
1.2272e+15
1.2272e+15
1.2272e+15
1.2272e+15
1.2160e+15
1.2160e+15
1.2160e+15
1.2160e+15
1.2160e+15
1.2160e+15
1.2160e+15
1.2160e+15
1.2160e+15
1.2047e+15
1.2047e+15
1.2047e+15
1.2047e+15
1.2047e+15
1.1935e+15
1.1935e+15
1.1935e+15
1.1935e+15
1.1935e+15
1.1935e+15
1.1935e+15
1.1935e+15
1.1935e+15
1.1935e+15
1.1935e+15
1.1935e+15
1.1935e+15
1.1822e+15
1.1822e+15
1.1822e+15
1.1822e+15
1.1822e+15
1.1822e+15
1.1822e+15
1.1822e+15
1.1709e+15
1.1709e+15
1.1709e+15
1.1709e+15
1.1709e+15
1.1709e+15
1.1709e+15
1.1597e+15
1.1597e+15
1.1597e+15
1.1597e+15
1.1597e+15
1.1597e+15
1.1597e+15
1.1597e+15
1.1484e+15
1.1484e+15
1.1484e+15
1.1484e+15
1.1484e+15
1.1484e+15
1.1484e+15
1.1484e+15
1.1484e+15
1.1372e+15
1.1372e+15
1.1372e+15
1.1372e+15
1.1372e+15
1.1372e+15
1.1372e+15
1.1372e+15
1.1372e+15
1.1372e+15
1.1372e+15
1.1372e+15
1.1372e+15
1.1372e+15
1.1372e+15
1.1372e+15
1.1372e+15
1.1372e+15
1.1372e+15
1.1259e+15
1.1259e+15
1.1259e+15
1.1259e+15
1.1259e+15
1.1259e+15
1.1259e+15
1.1259e+15
1.1259e+15
1.1259e+15
1.1259e+15
1.1259e+15
1.1259e+15
1.1259e+15
1.1259e+15
1.1259e+15
1.1259e+15
1.1259e+15
1.1259e+15
1.1259e+15
1.1259e+15
1.1259e+15
1.1259e+15
1.1259e+15
1.1259e+15
1.1259e+15
1.1259e+15
1.1259e+15
1.1259e+15
1.1259e+15
1.1259e+15
1.1259e+15
1.1259e+15
1.1259e+15
1.1259e+15
1.1259e+15
1.1259e+15
1.1259e+15
1.1259e+15
1.1259e+15
1.1259e+15
1.1259e+15
1.1259e+15
1.1259e+15
1.1259e+15
1.1259e+15
1.1259e+15
1.1259e+15
1.1259e+15
1.1259e+15
1.1259e+15
1.1259e+15
1.1259e+15
1.1259e+15
1.1259e+15
1.1259e+15
1.1259e+15
1.1259e+15
1.1259e+15
1.1259e+15
1.1259e+15
1.1259e+15
1.1259e+15
1.1259e+15
1.1259e+15
1.1259e+15
1.1259e+15
1.1259e+15
1.1244e+15
1.1241e+15
1.1235e+15
1.1234e+15
1.1233e+15
1.1228e+15
1.1226e+15
1.1216e+15
1.1216e+15
1.1214e+15
1.1213e+15
1.1213e+15
1.1211e+15
1.1209e+15
1.1198e+15
1.1196e+15
1.1195e+15
1.1194e+15
1.1189e+15
1.1177e+15
1.1170e+15
1.1165e+15
1.1157e+15
1.1155e+15
1.1149e+15
1.1138e+15
1.1135e+15
1.1123e+15
1.1121e+15
1.1119e+15
1.1118e+15
1.1116e+15
1.1116e+15
1.1115e+15
1.1107e+15
1.1106e+15
1.1103e+15
1.1100e+15
1.1100e+15
1.1098e+15
1.1097e+15
1.1083e+15
1.1079e+15
1.1077e+15
1.1077e+15
1.1075e+15
1.1070e+15
1.1064e+15
1.1047e+15
1.1035e+15
1.1018e+15
1.1017e+15
1.1016e+15
1.1016e+15
1.1009e+15
1.1007e+15
1.1006e+15
1.1005e+15
1.1001e+15
1.1001e+15
1.1001e+15
1.1001e+15
1.1001e+15
1.1001e+15
1.1001e+15
1.1001e+15
1.1001e+15
1.1001e+15
1.1000e+15
1.1000e+15
1.1000e+15
1.0999e+15
1.0999e+15
1.0998e+15
1.0997e+15
1.0996e+15
1.0987e+15
1.0977e+15
1.0928e+15
1.0927e+15
1.0921e+15
1.0917e+15
1.0909e+15
1.0898e+15
1.0894e+15
1.0886e+15
1.0877e+15
1.0873e+15
1.0868e+15
1.0856e+15
1.0847e+15
1.0831e+15
1.0830e+15
1.0827e+15
1.0824e+15
1.0820e+15
1.0148e+15
1.0130e+15
1.0105e+15
1.0093e+15
1.0089e+15
1.0083e+15
1.0063e+15
1.0045e+15
1.0023e+15
1.0011e+15
1.0001e+15
9.9850e+14
9.9736e+14
9.9540e+14
9.9396e+14
9.9173e+14
9.9142e+14
9.8985e+14
9.8516e+14
9.8138e+14
9.8126e+14
9.8111e+14
9.7915e+14
9.7905e+14
9.7756e+14
9.7588e+14
9.7423e+14
9.7383e+14
9.7303e+14
9.6845e+14
9.6760e+14
9.6544e+14
9.6338e+14
9.6122e+14
9.5936e+14
9.5307e+14
9.5224e+14
9.4784e+14
9.4747e+14
9.4744e+14
9.4191e+14
9.4070e+14
9.3761e+14
9.3731e+14
9.3644e+14
9.3614e+14
9.3308e+14
9.3288e+14
9.3256e+14
9.3010e+14
1.0148e+15
1.0130e+15
1.0105e+15
1.0093e+15
1.0089e+15
1.0083e+15
1.0063e+15
1.0045e+15
1.0023e+15
1.0011e+15
1.0001e+15
9.9850e+14
9.9736e+14
9.9540e+14
9.9396e+14
9.9173e+14
9.9142e+14
9.8985e+14
9.8516e+14
9.8138e+14
9.8126e+14
9.8111e+14
9.7915e+14
9.7905e+14
9.7756e+14
9.7588e+14
9.7423e+14
9.7383e+14
9.7303e+14
9.6845e+14
9.6760e+14
9.6544e+14
9.6338e+14
9.6122e+14
9.5936e+14
9.5307e+14
9.5224e+14
9.4784e+14
9.4747e+14
9.4744e+14
9.4191e+14
9.4070e+14
9.3761e+14
9.3731e+14
9.3644e+14
9.3614e+14
9.3308e+14
9.3288e+14
9.3256e+14
9.3010e+14
8.3742e+14
8.3652e+14
8.3453e+14
8.3102e+14
8.3089e+14
8.2615e+14
8.2604e+14
8.2491e+14
8.2467e+14
8.1828e+14
8.1794e+14
8.1742e+14
8.1436e+14
8.1378e+14
8.1309e+14
8.1038e+14
8.1010e+14
8.0934e+14
8.0832e+14
8.0701e+14
8.0639e+14
8.0581e+14
8.0347e+14
8.0319e+14
8.0296e+14
8.0251e+14
8.0224e+14
8.0169e+14
8.0059e+14
7.9419e+14
7.9378e+14
7.9207e+14
7.9184e+14
7.9014e+14
7.8862e+14
7.8289e+14
7.8144e+14
7.7962e+14
7.7808e+14
7.7574e+14
7.7392e+14
7.7148e+14
7.7038e+14
7.7011e+14
7.6983e+14
7.6859e+14
7.6681e+14
7.6279e+14
7.6203e+14
7.5732e+14
8.3742e+14
8.3652e+14
8.3453e+14
8.3102e+14
8.3089e+14
8.2615e+14
8.2604e+14
8.2491e+14
8.2467e+14
8.1828e+14
8.1794e+14
8.1742e+14
8.1436e+14
8.1378e+14
8.1309e+14
8.1038e+14
8.1010e+14
8.0934e+14
8.0832e+14
8.0701e+14
8.0639e+14
8.0581e+14
8.0347e+14
8.0319e+14
8.0296e+14
8.0251e+14
8.0224e+14
8.0169e+14
8.0059e+14
7.9419e+14
7.9378e+14
7.9207e+14
7.9184e+14
7.9014e+14
7.8862e+14
7.8289e+14
7.8144e+14
7.7962e+14
7.7808e+14
7.7574e+14
7.7392e+14
7.7148e+14
7.7038e+14
7.7011e+14
7.6983e+14
7.6859e+14
7.6681e+14
7.6279e+14
7.6203e+14
7.5732e+14
7.5616e+14
7.5527e+14
7.5042e+14
7.4788e+14
7.4633e+14
7.4430e+14
7.3860e+14
7.3661e+14
7.3221e+14
7.2919e+14
7.2654e+14
7.2640e+14
7.2540e+14
7.2523e+14
7.2280e+14
7.2091e+14
7.2091e+14
7.1694e+14
7.1627e+14
7.1513e+14
7.1413e+14
7.0860e+14
7.0466e+14
7.0246e+14
7.0036e+14
6.9654e+14
6.9457e+14
6.9208e+14
6.9142e+14
6.9119e+14
6.9080e+14
6.9056e+14
6.8592e+14
6.8555e+14
6.8493e+14
6.8307e+14
6.8102e+14
6.7830e+14
6.7791e+14
6.7584e+14
6.7277e+14
6.7214e+14
6.7139e+14
6.7119e+14
6.7002e+14
6.6194e+14
6.6109e+14
6.6060e+14
6.5879e+14
6.5699e+14
5.6859e+14
5.6817e+14
5.6783e+14
5.6711e+14
5.6557e+14
5.6350e+14
5.6350e+14
5.6339e+14
5.5972e+14
5.5818e+14
5.5226e+14
5.5158e+14
5.5122e+14
5.5056e+14
5.5003e+14
5.4982e+14
5.4976e+14
5.4976e+14
5.4976e+14
5.4835e+14
5.4701e+14
5.4487e+14
5.4154e+14
5.4054e+14
5.3934e+14
5.3776e+14
5.3670e+14
5.3635e+14
5.3347e+14
5.3316e+14
5.3165e+14
5.2756e+14
5.2626e+14
5.2563e+14
5.2471e+14
5.2303e+14
5.2175e+14
5.2093e+14
5.1959e+14
5.1918e+14
5.1873e+14
5.1842e+14
5.1763e+14
5.1667e+14
5.1540e+14
5.1197e+14
5.1127e+14
5.1114e+14
5.1055e+14
5.0914e+14
5.6859e+14
5.6817e+14
5.6783e+14
5.6711e+14
5.6557e+14
5.6350e+14
5.6350e+14
5.6339e+14
5.5972e+14
5.5818e+14
5.5226e+14
5.5158e+14
5.5122e+14
5.5056e+14
5.5003e+14
5.4982e+14
5.4976e+14
5.4976e+14
5.4976e+14
5.4835e+14
5.4701e+14
5.4487e+14
5.4154e+14
5.4054e+14
5.3934e+14
5.3776e+14
5.3670e+14
5.3635e+14
5.3347e+14
5.3316e+14
5.3165e+14
5.2756e+14
5.2626e+14
5.2563e+14
5.2471e+14
5.2303e+14
5.2175e+14
5.2093e+14
5.1959e+14
5.1918e+14
5.1873e+14
5.1842e+14
5.1763e+14
5.1667e+14
5.1540e+14
5.1197e+14
5.1127e+14
5.1114e+14
5.1055e+14
5.0914e+14
5.0907e+14
5.0873e+14
5.0873e+14
5.0839e+14
5.0289e+14
5.0199e+14
4.9873e+14
4.9798e+14
4.9676e+14
4.9643e+14
4.9591e+14
4.9473e+14
4.9361e+14
4.9310e+14
4.9182e+14
4.8817e+14
4.8736e+14
4.8523e+14
4.8427e+14
4.8419e+14
4.8141e+14
4.7750e+14
4.7674e+14
4.7327e+14
4.7291e+14
4.7266e+14
4.7199e+14
4.7053e+14
4.6943e+14
4.6932e+14
4.6888e+14
4.6881e+14
4.6846e+14
4.6818e+14
4.6736e+14
4.6680e+14
4.6534e+14
4.6513e+14
4.6461e+14
4.6283e+14
4.5987e+14
4.5905e+14
4.5874e+14
4.5850e+14
4.5850e+14
4.5612e+14
4.5416e+14
4.5342e+14
4.5338e+14
4.5287e+14
4.5259e+14
4.5252e+14
4.5114e+14
4.5087e+14
4.5070e+14
4.4908e+14
4.4894e+14
4.4830e+14
4.4689e+14
4.4661e+14
4.4527e+14
4.4509e+14
4.4359e+14
4.4356e+14
4.4351e+14
4.4314e+14
4.4282e+14
4.4170e+14
4.4145e+14
4.4128e+14
4.4125e+14
4.4125e+14
4.4039e+14
4.4026e+14
4.4023e+14
4.4020e+14
4.4015e+14
4.4001e+14
4.4001e+14
4.3998e+14
4.3987e+14
4.3984e+14
4.3980e+14
4.3980e+14
4.3980e+14
4.3980e+14
4.3960e+14
4.3919e+14
4.3871e+14
4.3857e+14
4.3822e+14
4.3685e+14
4.3582e+14
4.3458e+14
4.3264e+14
4.2823e+14
4.2561e+14
4.2510e+14
4.2394e+14
4.2386e+14
4.2283e+14
4.1851e+14
4.1781e+14
4.1717e+14
4.1682e+14
4.1469e+14
4.1458e+14
4.1390e+14
4.1366e+14
4.1245e+14
4.1049e+14
4.0674e+14
4.0654e+14
4.0599e+14
4.0590e+14
4.0544e+14
4.0322e+14
4.0300e+14
4.0165e+14
4.0132e+14
4.0098e+14
4.0072e+14
4.0037e+14
3.9789e+14
3.9714e+14
3.9579e+14
3.9377e+14
3.9112e+14
3.9098e+14
3.9026e+14
3.8936e+14
3.8879e+14
3.8764e+14
3.8643e+14
3.8626e+14
3.8040e+14
3.7878e+14
3.7861e+14
3.7847e+14
3.7685e+14
3.7631e+14
3.7552e+14
3.7527e+14
3.7380e+14
3.7325e+14
3.7246e+14
3.7222e+14
3.7222e+14
3.7222e+14
3.7218e+14
3.7215e+14
3.7212e+14
3.7191e+14
3.7115e+14
3.6961e+14
3.6958e+14
3.6953e+14
3.6919e+14
3.6745e+14
3.6730e+14
3.6651e+14
3.6510e+14
3.6486e+14
3.6316e+14
3.6277e+14
3.6226e+14
3.6078e+14
3.5985e+14
3.5896e+14
3.5844e+14
3.5713e+14
3.5631e+14
3.5576e+14
3.5526e+14
3.5144e+14
3.4858e+14
3.4638e+14
3.4408e+14
3.4271e+14
3.3858e+14
3.3803e+14
3.3734e+14
3.3707e+14
3.3693e+14
3.3529e+14
3.3384e+14
3.3288e+14
3.3254e+14
3.3187e+14
3.3184e+14
3.3150e+14
3.3150e+14
3.3140e+14
3.3027e+14
3.3013e+14
3.2985e+14
3.2907e+14
3.2460e+14
3.2453e+14
3.2414e+14
3.2387e+14
3.2285e+14
3.2285e+14
3.2188e+14
3.2099e+14
3.2099e+14
3.2072e+14
3.1947e+14
3.1934e+14
3.1928e+14
3.1923e+14
3.1907e+14
3.1883e+14
3.1865e+14
3.1803e+14
3.1749e+14
3.1742e+14
3.1611e+14
3.1582e+14
3.1491e+14
3.1370e+14
3.1051e+14
3.0718e+14
3.0707e+14
3.0619e+14
3.0407e+14
3.0377e+14
3.0374e+14
3.0157e+14
3.0080e+14
2.9983e+14
2.9721e+14
2.9653e+14
2.9549e+14
2.9522e+14
2.9477e+14
2.9436e+14
2.9333e+14
2.9293e+14
2.9237e+14
2.9165e+14
2.9082e+14
2.8805e+14
2.8704e+14
2.8621e+14
2.8539e+14
2.8513e+14
2.8467e+14
2.8464e+14
2.8464e+14
2.8456e+14
2.8450e+14
2.8395e+14
2.8392e+14
2.8350e+14
2.8243e+14
2.8000e+14
2.7876e+14
2.7804e+14
2.7797e+14
2.7694e+14
2.7632e+14
2.7612e+14
2.7316e+14
2.6632e+14
2.6536e+14
2.6323e+14
2.6215e+14
2.6206e+14
2.6031e+14
2.5873e+14
2.5770e+14
2.5626e+14
2.5399e+14
2.5331e+14
2.5289e+14
2.5267e+14
2.4992e+14
2.4941e+14
2.4873e+14
2.4825e+14
2.4797e+14
2.4674e+14
2.4618e+14
2.4574e+14
2.4492e+14
2.4372e+14
2.4363e+14
2.4320e+14
2.4262e+14
2.4193e+14
2.4066e+14
2.3948e+14
2.3921e+14
2.3836e+14
2.3767e+14
2.3664e+14
2.3493e+14
2.3490e+14
2.3434e+14
2.3206e+14
2.3022e+14
2.2757e+14
2.2708e+14
2.2583e+14
2.2423e+14
2.2368e+14
2.2186e+14
2.2138e+14
2.2073e+14
2.1990e+14
2.1853e+14
2.1840e+14
2.1664e+14
2.1248e+14
2.1035e+14
2.0973e+14
2.0973e+14
2.0973e+14
2.0970e+14
2.0523e+14
2.0496e+14
2.0359e+14
2.0296e+14
2.0118e+14
2.0012e+14
1.9959e+14
1.9956e+14
1.9925e+14
1.9791e+14
1.9754e+14
1.9734e+14
1.9383e+14
1.9317e+14
1.9296e+14
1.9228e+14
1.9221e+14
1.9221e+14
1.9189e+14
1.9159e+14
1.9118e+14
1.9083e+14
1.9001e+14
1.8991e+14
1.8976e+14
1.8905e+14
1.8898e+14
1.8881e+14
1.8878e+14
1.8874e+14
1.3836e+14
1.3778e+14
1.3703e+14
1.3624e+14
1.3595e+14
1.3344e+14
1.3263e+14
1.3233e+14
1.3208e+14
1.3126e+14
1.2998e+14
1.2934e+14
1.2838e+14
1.2830e+14
1.2788e+14
1.2708e+14
1.2538e+14
1.2511e+14
1.2510e+14
1.2366e+14
1.2187e+14
1.2180e+14
1.2170e+14
1.2143e+14
1.2085e+14
1.1907e+14
1.1868e+14
1.1816e+14
1.1642e+14
1.1634e+14
1.1600e+14
1.1593e+14
1.1582e+14
1.1562e+14
1.1504e+14
1.1401e+14
1.1380e+14
1.1377e+14
1.1352e+14
1.1175e+14
1.1163e+14
1.1108e+14
1.1049e+14
1.1029e+14
1.1023e+14
1.1013e+14
1.0998e+14
1.0954e+14
1.0923e+14
1.0675e+14
1.3836e+14
1.3778e+14
1.3703e+14
1.3624e+14
1.3595e+14
1.3344e+14
1.3263e+14
1.3233e+14
1.3208e+14
1.3126e+14
1.2998e+14
1.2934e+14
1.2838e+14
1.2830e+14
1.2788e+14
1.2708e+14
1.2538e+14
1.2511e+14
1.2510e+14
1.2366e+14
1.2187e+14
1.2180e+14
1.2170e+14
1.2143e+14
1.2085e+14
1.1907e+14
1.1868e+14
1.1816e+14
1.1642e+14
1.1634e+14
1.1600e+14
1.1593e+14
1.1582e+14
1.1562e+14
1.1504e+14
1.1401e+14
1.1380e+14
1.1377e+14
1.1352e+14
1.1175e+14
1.1163e+14
1.1108e+14
1.1049e+14
1.1029e+14
1.1023e+14
1.1013e+14
1.0998e+14
1.0954e+14
1.0923e+14
1.0675e+14
7.6878e+13
7.6724e+13
7.6625e+13
7.6515e+13
7.6317e+13
7.6207e+13
7.5218e+13
7.5042e+13
7.3535e+13
7.1677e+13
7.1369e+13
7.0094e+13
6.9291e+13
6.8961e+13
6.7983e+13
6.6389e+13
6.6312e+13
6.4563e+13
6.3596e+13
6.3497e+13
6.3365e+13
6.3321e+13
6.3255e+13
6.2980e+13
6.2980e+13
6.2914e+13
6.1782e+13
6.1573e+13
6.0748e+13
6.0066e+13
5.9758e+13
5.9374e+13
5.9000e+13
5.9000e+13
5.6317e+13
5.5591e+13
5.5250e+13
5.5075e+13
5.4459e+13
5.4294e+13
5.4151e+13
5.4019e+13
5.3326e+13
5.2985e+13
5.2568e+13
5.2568e+13
5.2469e+13
5.2436e+13
5.2260e+13
5.2227e+13
7.6878e+13
7.6724e+13
7.6625e+13
7.6515e+13
7.6317e+13
7.6207e+13
7.5218e+13
7.5042e+13
7.3535e+13
7.1677e+13
7.1369e+13
7.0094e+13
6.9291e+13
6.8961e+13
6.7983e+13
6.6389e+13
6.6312e+13
6.4563e+13
6.3596e+13
6.3497e+13
6.3365e+13
6.3321e+13
6.3255e+13
6.2980e+13
6.2980e+13
6.2914e+13
6.1782e+13
6.1573e+13
6.0748e+13
6.0066e+13
5.9758e+13
5.9374e+13
5.9000e+13
5.9000e+13
5.6317e+13
5.5591e+13
5.5250e+13
5.5075e+13
5.4459e+13
5.4294e+13
5.4151e+13
5.4019e+13
5.3326e+13
5.2985e+13
5.2568e+13
5.2568e+13
5.2469e+13
5.2436e+13
5.2260e+13
5.2227e+13
5.2161e+13
5.2128e+13
5.2051e+13
5.2018e+13
5.1985e+13
5.1952e+13
5.1952e+13
5.1853e+13
5.1578e+13
5.1578e+13
5.1171e+13
5.0951e+13
4.9544e+13
4.9511e+13
4.9346e+13
4.8873e+13
4.7829e+13
4.7807e+13
4.7642e+13
4.7521e+13
4.6125e+13
4.5641e+13
4.5531e+13
4.4431e+13
4.4431e+13
4.4255e+13
4.3914e+13
4.0473e+13
3.8758e+13
3.7757e+13
3.7592e+13
3.7559e+13
3.7317e+13
3.6878e+13
3.6625e+13
3.6460e+13
3.5943e+13
3.4701e+13
3.4327e+13
3.3777e+13
3.3744e+13
3.3469e+13
3.3359e+13
3.2985e+13
3.2864e+13
3.1204e+13
2.9687e+13
2.9478e+13
2.7686e+13
2.7631e+13
9.7637e+12
9.2579e+12
9.1369e+12
8.8291e+12
8.7081e+12
8.5872e+12
8.5542e+12
8.3453e+12
8.2463e+12
7.9055e+12
7.0809e+12
6.9049e+12
6.3882e+12
6.3552e+12
6.1463e+12
6.0473e+12
5.9484e+12
5.1237e+12
5.1237e+12
4.9478e+12
4.8159e+12
4.2221e+12
3.7163e+12
3.6064e+12
3.5734e+12
3.3205e+12
3.0896e+12
2.5729e+12
2.5069e+12
2.2980e+12
2.2320e+12
2.1990e+12
2.1660e+12
2.1550e+12
1.9901e+12
1.7922e+12
1.5503e+12
1.3414e+12
1.2864e+12
1.2754e+12
1.1325e+12
1.0308e+12
1.0207e+12
9.9983e+11
9.9643e+11
9.6207e+11
8.2463e+11
7.5591e+11
7.2639e+11
6.1848e+11
9.7637e+12
9.2579e+12
9.1369e+12
8.8291e+12
8.7081e+12
8.5872e+12
8.5542e+12
8.3453e+12
8.2463e+12
7.9055e+12
7.0809e+12
6.9049e+12
6.3882e+12
6.3552e+12
6.1463e+12
6.0473e+12
5.9484e+12
5.1237e+12
5.1237e+12
4.9478e+12
4.8159e+12
4.2221e+12
3.7163e+12
3.6064e+12
3.5734e+12
3.3205e+12
3.0896e+12
2.5729e+12
2.5069e+12
2.2980e+12
2.2320e+12
2.1990e+12
2.1660e+12
2.1550e+12
1.9901e+12
1.7922e+12
1.5503e+12
1.3414e+12
1.2864e+12
1.2754e+12
1.1325e+12
1.0308e+12
1.0207e+12
9.9983e+11
9.9643e+11
9.6207e+11
8.2463e+11
7.5591e+11
7.2639e+11
6.1848e+11
